
storingenc =

  Columns 1 through 9

     4     5     9     7     5     6     3     8     2

  Columns 10 through 18

     7     6     4     3     9     9     1     0     2

  Columns 19 through 27

     1     1     2     9     3     7     8     4     2

  Columns 28 through 36

     7     7     0     0     1     4     9     2     1

  Columns 37 through 40

     0     0     0     2
	 
